430447
608375
475149
567844
296397
79664
214882
409089
627756
56852
267503
636343
334393
902876
720740
690643
506425
212269
885496
864891
249758
950472
355166
351137
539655
238094
742357
534971
456438
801005
257493
866874
203953
9925
582913
332243
525057
508909
653619
435680
265714
534924
193361
29825
740322
817082
63161
938594
322221
87341
816369
159150
526004
972783
558663
251503
423997
937293
966021
31546
731537
500220
514415
300273
630238
167055
355683
467372
950050
698778
594620
940072
751080
402618
7141
86383
92456
86445
675006
639734
763701
880847
898875
707437
824345
11343
547375
783282
851294
4739
199097
20722
700810
760797
772801
363757
678194
339716
90661
346724
161710
513874
684549
735665
401622
24635
906269
985279
774004
289854
788117
817711
626656
701621
678315
264115
311624
295198
351560
461219
367019
174956
806175
522152
175739
813175
36893
250603
112569
577993
538824
855859
426523
66092
716428
677638
601233
267880
829656
486375
308608
821929
344651
901447
944124
378676
920020
455118
430674
611447
936733
49963
622086
845335
425501
339718
158414
972211
268539
377373
674029
486056
250995
805175
160667
523911
703232
913564
919969
927426
764600
943788
870814
691954
4883
740748
552445
214137
675417
446850
257707
498404
590269
126559
429272
630357
144233
983033
888971
340481
557236
660524
504995
351041
225548
254224
374371
929947
363828
854551
796777
361699
272506
828040
507512
19758
649465
969630
566625
192319
725124
502115
335851
234541
279101
504063
424246
461218
999195
528140
327767
583919
560248
106611
954414
274676
586055
565054
380913
353989
178710
298499
687498
47912
797770
708164
113248
130579
98843
334578
120919
762872
512668
188276
47640
864039
344545
74420
612680
882842
168839
149261
534331
269680
766782
562620
470020
873873
921154
999871
713042
772631
880229
100117
704268
920034
452696
883220
242764
720008
659675
329481
775784
853566
493371
368965
2407
709955
554271
560717
12271
14110
663890
907490
726191
179760
574658
23680
70309
629958
61978
485100
582120
128738
85286
468136
692930
304837
268531
918460
667875
779696
201754
91762
362902
121726
351653
31058
992073
165271
680972
475263
269418
795278
240966
150447
694874
8029
901814
661350
362243
120076
176126
478426
828080
91335
540763
249849
378033
648274
322071
575847
15231
605559
516138
85577
415753
510761
452508
41183
518120
497203
624019
907810
446652
356266
930731
348847
875291
677303
532537
955899
628901
913944
752777
973045
416839
448007
782330
324712
566069
435911
81356
632519
282036
662180
57028
27378
118513
240801
712503
359319
679223
651626
301937
865453
582741
389193
394267
633556
444750
340255
383502
365946
890445
644356
728533
154848
118451
976075
256672
948982
411049
920848
129205
82869
917593
573862
187906
436824
823663
30886
17400
381163
327790
757218
589859
268664
528948
785222
344921
648230
868435
287394
126737
526400
880162
836224
997009
609872
718820
236215
218698
305601
907914
879919
295464
619661
33801
157535
302672
899949
846645
318085
776804
994416
978712
87647
849698
233720
490574
332521
280869
407004
522515
482060
431788
809041
456144
637187
765786
882542
959552
2615
902730
524673
992417
308912
608583
706509
456748
945651
664933
964516
360054
551046
511187
983609
349462
923608
963734
11001
724919
671257
676758
848897
638023
801456
279441
157457
709813
410993
861454
726900
404003
4365
371900
815947
751331
120465
13650
15730
497661
582811
964152
993652
681921
541464
819599
524347
701732
975293
845
718822
357636
477516
885419
178509
771708
6971
457516
216518
680126
4049
307555
397767
109291
69467
895613
983755
685471
601720
689790
171224
114191
296747
311032
245330
421871
198340
97313
200999
488736
287689
455089
736187
919410
40558
285861
787013
912926
764160
477401
647380
261015
317111
330110
154459
278391
413690
901025
803969
482205
636375
881933
350869
851667
681510
462334
357423
38917
454165
51117
124297
158351
93457
662333
443150
574542
987989
646876
21146
484533
686084
556893
768636
174026
45362
67912
59725
267958
778749
477224
153026
869191
392675
639842
446233
645088
236554
974855
297594
922845
60298
12038
964070
888358
957838
559861
881219
761434
364079
532179
49347
278197
798223
7513
269976
403688
497212
810690
469377
389475
510088
694647
690357
89679
906620
151062
565516
252021
590109
477799
498138
968775
853634
341635
851291
45580
673841
198169
127441
749426
689645
81938
754527
91710
930875
272323
383324
970348
963877
256351
965636
15507
539034
814536
760466
840596
879326
489874
459563
774275
701180
198466
536174
568564
222956
856536
287354
926756
641514
68063
500160
812338
249584
868086
233874
484066
867901
771417
825744
528486
763013
180695
639908
280823
681818
939880
579293
493642
836816
83938
58728
582577
666027
747774
168777
920795
20337
521447
523302
907022
895611
324965
266082
834013
986429
549581
842849
187182
715128
485848
78035
995036
546725
446848
795539
411810
310120
304551
696358
422685
301133
273802
706373
159075
175965
892348
326066
133085
631721
227484
150134
786355
94148
715115
970069
804548
959781
936105
218324
514415
871816
615924
913941
596916
151666
481631
100994
884626
938536
459214
86409
14299
833143
78239
515125
676351
975627
947664
856290
794029
506624
638143
9167
48647
730643
409219
540863
391850
787381
865079
513104
814389
764240
223690
824725
250711
765224
392836
836225
392306
684180
97817
416231
239125
540355
93658
764663
760819
389562
45360
744641
424116
919148
419466
348546
768845
232303
995470
10125
354601
846501
215381
229430
659869
129676
14554
501860
990041
865729
130586
518236
215586
655364
163307
874728
855882
145448
902771
358326
247293
949963
602609
937124
29560
602264
961282
327085
569765
109224
771823
383475
194012
910790
984740
662468
970071
404313
48827
37980
545628
384929
211588
153529
146495
452163
72515
757304
885769
499211
957487
623017
691180
149068
674938
191692
947397
954766
438473
467030
14728
140836
971262
53349
790785
976686
370983
966958
105702
702599
265938
642211
858300
600073
496107
560885
797157
59926
726130
684870
545434
32431
671549
609899
662126
719429
50235
490660
719692
131950
273272
247241
622679
921646
314436
266521
251874
188136
142672
774528
997616
81319
845892
258023
632685
518334
521562
264261
866423
637330
945492
803327
127520
713250
175563
768095
897230
407425
135135
326395
990033
450385
550386
172410
804315
265795
134124
516228
791929
392928
888793
575290
665209
751831
626100
316828
96680
480766
518291
876817
885414
834976
519937
466894
67910
945515
699415
616139
692414
798563
661641
156746
328138
857987
400059
476191
331148
21793
105914
731417
923222
636500
987869
576881
498867
949648
453296
907003
979086
892585
472546
793364
863285
661141
301320
461915
416029
206520
685964
518262
12958
618098
151300
584809
518923
604965
276686
462476
711961
81300
891268
267267
537288
29630
502891
265702
685116
751672
213359
545022
680460
386545
442038
720631
937920
205753
629025
14536
